 0.993 -0.079  0.084  0.078  0.997  0.013 -0.085 -0.006  0.996    0.998 -0.005  0.042  0.040    4.517  4.860 -0.343    0.079  0.009 -0.984  0.590 -0.066  1.155
 0.993 -0.079  0.084  0.079  0.997  0.012 -0.084 -0.006  0.996    0.998 -0.004  0.042  0.040    4.525  4.847 -0.325    0.082  0.002 -0.975  0.590 -0.066  1.155
 0.993 -0.080  0.084  0.079  0.997  0.013 -0.084 -0.006  0.996    0.998 -0.005  0.042  0.040    4.544  4.841 -0.337    0.083  0.007 -0.978  0.580 -0.068  1.152
 0.993 -0.080  0.083  0.079  0.997  0.013 -0.084 -0.006  0.996    0.998 -0.005  0.042  0.040    4.563  4.831 -0.339    0.085  0.003 -0.982  0.580 -0.068  1.152
 0.993 -0.080  0.083  0.080  0.997  0.012 -0.084 -0.006  0.996    0.998 -0.005  0.042  0.040    4.582  4.818 -0.329    0.090  0.003 -0.986  0.580 -0.068  1.152
 0.993 -0.080  0.083  0.080  0.997  0.013 -0.084 -0.006  0.996    0.998 -0.005  0.042  0.040    4.582  4.832 -0.336    0.089  0.007 -0.986  0.580 -0.068  1.152
 0.993 -0.081  0.083  0.080  0.997  0.013 -0.084 -0.006  0.996    0.998 -0.005  0.042  0.040    4.595  4.825 -0.337    0.088  0.007 -0.980  0.580 -0.068  1.152
 0.993 -0.080  0.083  0.079  0.997  0.012 -0.084 -0.006  0.996    0.998 -0.005  0.042  0.040    4.562  4.818 -0.333    0.083  0.006 -0.985  0.584 -0.060  1.155
 0.993 -0.080  0.083  0.079  0.997  0.012 -0.084 -0.006  0.996    0.998 -0.004  0.042  0.040    4.537  4.810 -0.322    0.086  0.006 -0.986  0.584 -0.060  1.155
 0.993 -0.080  0.083  0.079  0.997  0.012 -0.084 -0.006  0.996    0.998 -0.005  0.042  0.040    4.541  4.796 -0.328    0.090  0.005 -0.983  0.584 -0.060  1.155
 0.993 -0.080  0.083  0.079  0.997  0.012 -0.084 -0.005  0.996    0.998 -0.004  0.042  0.040    4.571  4.795 -0.313    0.083  0.005 -0.977  0.584 -0.060  1.155
 0.993 -0.080  0.083  0.079  0.997  0.012 -0.084 -0.006  0.996    0.998 -0.004  0.042  0.040    4.541  4.808 -0.320    0.089  0.006 -0.984  0.584 -0.060  1.155
 0.993 -0.080  0.084  0.079  0.997  0.013 -0.084 -0.006  0.996    0.998 -0.005  0.042  0.040    4.546  4.839 -0.339    0.089  0.008 -0.983  0.584 -0.060  1.143
 0.993 -0.080  0.084  0.079  0.997  0.013 -0.084 -0.006  0.996    0.998 -0.005  0.042  0.040    4.550  4.845 -0.338    0.087  0.009 -0.981  0.584 -0.060  1.143
 0.993 -0.080  0.083  0.079  0.997  0.013 -0.084 -0.006  0.996    0.998 -0.005  0.042  0.040    4.533  4.830 -0.340    0.087  0.011 -0.981  0.584 -0.060  1.143
 0.993 -0.080  0.083  0.079  0.997  0.012 -0.084 -0.006  0.996    0.998 -0.005  0.042  0.040    4.547  4.824 -0.331    0.077  0.001 -0.976  0.584 -0.060  1.143
 0.993 -0.079  0.083  0.078  0.997  0.013 -0.084 -0.006  0.996    0.998 -0.005  0.042  0.039    4.517  4.814 -0.345    0.089  0.007 -0.982  0.584 -0.060  1.143
 0.993 -0.079  0.083  0.078  0.997  0.012 -0.084 -0.006  0.996    0.998 -0.005  0.042  0.039    4.508  4.805 -0.339    0.088  0.006 -0.980  0.584 -0.059  1.156
 0.993 -0.079  0.083  0.078  0.997  0.012 -0.084 -0.006  0.996    0.998 -0.004  0.042  0.039    4.500  4.813 -0.319    0.080  0.002 -0.976  0.584 -0.059  1.156
 0.993 -0.078  0.084  0.078  0.997  0.012 -0.084 -0.006  0.996    0.998 -0.005  0.042  0.039    4.463  4.843 -0.337    0.087  0.008 -0.984  0.584 -0.059  1.156
 0.993 -0.078  0.084  0.077  0.997  0.013 -0.084 -0.006  0.996    0.998 -0.005  0.042  0.039    4.422  4.838 -0.361    0.078  0.015 -0.985  0.584 -0.059  1.156
 0.994 -0.077  0.084  0.076  0.997  0.013 -0.084 -0.006  0.996    0.998 -0.005  0.042  0.038    4.391  4.839 -0.367    0.084  0.009 -0.985  0.584 -0.059  1.156
 0.993 -0.077  0.084  0.077  0.997  0.013 -0.084 -0.006  0.996    0.998 -0.005  0.042  0.039    4.409  4.844 -0.351    0.089  0.004 -0.972  0.575 -0.061  1.147
 0.993 -0.078  0.084  0.077  0.997  0.012 -0.084 -0.006  0.996    0.998 -0.005  0.042  0.039    4.423  4.831 -0.339    0.081  0.002 -0.979  0.575 -0.061  1.147
 0.993 -0.078  0.084  0.077  0.997  0.012 -0.084 -0.006  0.996    0.998 -0.005  0.042  0.039    4.451  4.836 -0.342    0.087  0.005 -0.987  0.575 -0.061  1.147
 0.993 -0.078  0.084  0.077  0.997  0.013 -0.085 -0.006  0.996    0.998 -0.005  0.042  0.039    4.432  4.864 -0.353    0.088  0.009 -0.975  0.575 -0.061  1.147
 0.993 -0.078  0.084  0.077  0.997  0.013 -0.085 -0.006  0.996    0.998 -0.005  0.042  0.039    4.456  4.888 -0.342    0.088  0.003 -0.983  0.575 -0.061  1.147
 0.993 -0.078  0.085  0.077  0.997  0.013 -0.085 -0.006  0.996    0.998 -0.005  0.043  0.039    4.455  4.900 -0.354    0.086  0.008 -0.976  0.579 -0.076  1.134
 0.993 -0.080  0.085  0.079  0.997  0.013 -0.086 -0.006  0.996    0.998 -0.005  0.043  0.040    4.532  4.918 -0.333    0.086  0.005 -0.977  0.579 -0.076  1.134
 0.993 -0.080  0.085  0.079  0.997  0.013 -0.086 -0.006  0.996    0.998 -0.005  0.043  0.040    4.575  4.915 -0.342    0.090  0.008 -0.987  0.579 -0.076  1.134
 0.993 -0.080  0.085  0.079  0.997  0.013 -0.086 -0.006  0.996    0.998 -0.005  0.043  0.040    4.565  4.941 -0.331    0.088  0.007 -0.980  0.579 -0.076  1.134
 0.993 -0.082  0.085  0.081  0.997  0.013 -0.086 -0.006  0.996    0.998 -0.005  0.043  0.041    4.650  4.929 -0.319    0.084 -0.001 -0.980  0.579 -0.076  1.134
 0.993 -0.081  0.085  0.081  0.997  0.013 -0.086 -0.006  0.996    0.998 -0.005  0.043  0.041    4.637  4.932 -0.330    0.085  0.014 -0.989  0.579 -0.076  1.134
 0.993 -0.082  0.086  0.081  0.997  0.013 -0.086 -0.006  0.996    0.998 -0.005  0.043  0.041    4.659  4.956 -0.333    0.086  0.006 -0.975  0.581 -0.069  1.145
 0.993 -0.082  0.085  0.081  0.997  0.013 -0.086 -0.006  0.996    0.998 -0.005  0.043  0.041    4.672  4.934 -0.356    0.086  0.010 -0.988  0.581 -0.069  1.145
 0.993 -0.082  0.085  0.081  0.997  0.014 -0.086 -0.007  0.996    0.998 -0.005  0.043  0.041    4.684  4.936 -0.376    0.083  0.011 -0.975  0.581 -0.069  1.145
 0.993 -0.083  0.085  0.082  0.997  0.013 -0.086 -0.006  0.996    0.998 -0.005  0.043  0.041    4.727  4.938 -0.364    0.086 -0.002 -0.984  0.581 -0.069  1.145
 0.993 -0.083  0.085  0.082  0.997  0.013 -0.086 -0.006  0.996    0.998 -0.005  0.043  0.041    4.736  4.928 -0.353    0.083  0.007 -0.987  0.581 -0.069  1.145
 0.993 -0.083  0.085  0.082  0.997  0.013 -0.086 -0.006  0.996    0.998 -0.005  0.043  0.041    4.730  4.920 -0.359    0.084  0.002 -0.979  0.574 -0.061  1.152
 0.993 -0.082  0.085  0.082  0.997  0.013 -0.086 -0.006  0.996    0.998 -0.005  0.043  0.041    4.697  4.943 -0.352    0.092  0.010 -0.974  0.574 -0.061  1.152
 0.993 -0.082  0.086  0.081  0.997  0.014 -0.087 -0.007  0.996    0.998 -0.005  0.043  0.041    4.653  4.964 -0.392    0.091  0.014 -0.986  0.574 -0.061  1.152
 0.993 -0.082  0.086  0.081  0.997  0.014 -0.087 -0.007  0.996    0.998 -0.005  0.043  0.041    4.652  4.974 -0.387    0.087  0.007 -0.990  0.574 -0.061  1.152
 0.993 -0.082  0.086  0.081  0.997  0.014 -0.087 -0.007  0.996    0.998 -0.005  0.043  0.041    4.648  4.980 -0.389    0.090  0.001 -0.981  0.574 -0.061  1.152
 0.993 -0.081  0.086  0.080  0.997  0.014 -0.087 -0.007  0.996    0.998 -0.005  0.043  0.041    4.633  4.973 -0.388    0.084  0.008 -0.978  0.580 -0.062  1.162
 0.993 -0.081  0.085  0.080  0.997  0.014 -0.086 -0.007  0.996    0.998 -0.005  0.043  0.040    4.621  4.951 -0.392    0.086  0.006 -0.979  0.580 -0.062  1.162
 0.993 -0.081  0.085  0.080  0.997  0.014 -0.086 -0.007  0.996    0.998 -0.005  0.043  0.040    4.616  4.937 -0.388    0.084  0.004 -0.984  0.580 -0.062  1.162
 0.993 -0.081  0.086  0.080  0.997  0.014 -0.086 -0.007  0.996    0.998 -0.005  0.043  0.040    4.626  4.952 -0.380    0.088  0.005 -0.982  0.580 -0.062  1.162
 0.993 -0.081  0.086  0.080  0.997  0.014 -0.086 -0.007  0.996    0.998 -0.005  0.043  0.041    4.631  4.956 -0.388    0.091  0.006 -0.981  0.580 -0.062  1.162
 0.993 -0.082  0.086  0.081  0.997  0.013 -0.087 -0.006  0.996    0.998 -0.005  0.043  0.041    4.668  4.975 -0.368    0.089  0.002 -0.980  0.569 -0.068  1.154
 0.993 -0.082  0.086  0.081  0.997  0.014 -0.087 -0.007  0.996    0.998 -0.005  0.043  0.041    4.690  4.981 -0.384    0.082  0.009 -0.980  0.569 -0.068  1.154
 0.993 -0.083  0.086  0.082  0.997  0.014 -0.087 -0.007  0.996    0.998 -0.005  0.043  0.041    4.733  4.991 -0.396    0.083  0.006 -0.978  0.569 -0.068  1.154
 0.993 -0.084  0.086  0.083  0.996  0.014 -0.087 -0.007  0.996    0.998 -0.005  0.043  0.042    4.768  4.989 -0.393    0.087  0.005 -0.977  0.569 -0.068  1.154
 0.993 -0.083  0.086  0.083  0.996  0.014 -0.087 -0.007  0.996    0.998 -0.005  0.043  0.042    4.751  4.974 -0.381    0.086  0.006 -0.982  0.569 -0.068  1.154
 0.993 -0.083  0.086  0.082  0.997  0.014 -0.087 -0.006  0.996    0.998 -0.005  0.043  0.042    4.748  4.981 -0.373    0.091  0.003 -0.974  0.566 -0.063  1.146
 0.993 -0.083  0.086  0.082  0.997  0.014 -0.087 -0.007  0.996    0.998 -0.005  0.043  0.041    4.724  4.999 -0.390    0.083  0.009 -0.983  0.566 -0.063  1.146
 0.993 -0.082  0.087  0.082  0.997  0.014 -0.087 -0.007  0.996    0.998 -0.005  0.044  0.041    4.695  5.012 -0.386    0.082  0.005 -0.973  0.566 -0.063  1.146
 0.993 -0.083  0.086  0.082  0.997  0.014 -0.087 -0.007  0.996    0.998 -0.005  0.043  0.041    4.725  5.002 -0.392    0.089  0.009 -0.979  0.566 -0.063  1.146
 0.993 -0.083  0.086  0.082  0.997  0.014 -0.087 -0.007  0.996    0.998 -0.005  0.044  0.041    4.739  5.010 -0.391    0.088  0.007 -0.983  0.566 -0.063  1.146
 0.993 -0.083  0.086  0.082  0.997  0.014 -0.087 -0.007  0.996    0.998 -0.005  0.044  0.041    4.736  5.007 -0.387    0.086  0.006 -0.982  0.576 -0.068  1.149
 0.993 -0.080  0.087  0.079  0.997  0.016 -0.088 -0.009  0.996    0.998 -0.006  0.044  0.040    4.565  5.024 -0.507    0.087  0.061 -0.990  0.576 -0.068  1.149
 0.993 -0.081  0.087  0.080  0.997  0.016 -0.088 -0.009  0.996    0.998 -0.006  0.044  0.040    4.580  5.032 -0.510    0.084  0.008 -0.978  0.576 -0.068  1.149
 0.993 -0.081  0.087  0.080  0.997  0.016 -0.088 -0.009  0.996    0.998 -0.006  0.044  0.040    4.594  5.031 -0.489    0.090  0.003 -0.976  0.576 -0.068  1.149
 0.993 -0.081  0.087  0.080  0.997  0.015 -0.088 -0.008  0.996    0.998 -0.006  0.044  0.040    4.601  5.027 -0.470    0.089  0.000 -0.973  0.576 -0.068  1.149
 0.993 -0.081  0.087  0.080  0.997  0.015 -0.088 -0.008  0.996    0.998 -0.006  0.044  0.040    4.607  5.022 -0.448    0.080  0.003 -0.976  0.583 -0.059  1.147
 0.993 -0.081  0.087  0.080  0.997  0.015 -0.088 -0.008  0.996    0.998 -0.006  0.044  0.041    4.627  5.036 -0.468    0.090  0.008 -0.984  0.583 -0.059  1.147
 0.993 -0.082  0.087  0.081  0.997  0.015 -0.088 -0.008  0.996    0.998 -0.006  0.044  0.041    4.640  5.042 -0.460    0.083  0.008 -0.970  0.583 -0.059  1.147
 0.993 -0.082  0.087  0.081  0.997  0.015 -0.088 -0.008  0.996    0.998 -0.006  0.044  0.041    4.645  5.028 -0.450    0.081  0.001 -0.978  0.583 -0.059  1.147
 0.993 -0.081  0.087  0.080  0.997  0.015 -0.088 -0.008  0.996    0.998 -0.006  0.044  0.040    4.623  5.036 -0.447    0.086  0.005 -0.978  0.583 -0.059  1.147
 0.993 -0.081  0.087  0.080  0.997  0.015 -0.088 -0.008  0.996    0.998 -0.006  0.044  0.041    4.631  5.036 -0.436    0.083  0.002 -0.986  0.581 -0.060  1.145
 0.993 -0.081  0.087  0.080  0.997  0.015 -0.088 -0.008  0.996    0.998 -0.006  0.044  0.040    4.597  5.042 -0.437    0.089  0.008 -0.985  0.581 -0.060  1.145
 0.993 -0.080  0.087  0.079  0.997  0.015 -0.087 -0.008  0.996    0.998 -0.006  0.044  0.040    4.551  5.017 -0.448    0.087  0.009 -0.972  0.581 -0.060  1.145
 0.993 -0.080  0.087  0.079  0.997  0.014 -0.088 -0.008  0.996    0.998 -0.006  0.044  0.040    4.548  5.025 -0.432    0.091  0.003 -0.985  0.581 -0.060  1.145
 0.993 -0.080  0.087  0.079  0.997  0.014 -0.088 -0.008  0.996    0.998 -0.006  0.044  0.040    4.529  5.045 -0.433    0.086  0.009 -0.981  0.581 -0.060  1.145
 0.993 -0.080  0.087  0.079  0.997  0.015 -0.088 -0.008  0.996    0.998 -0.006  0.044  0.040    4.549  5.036 -0.448    0.088  0.009 -0.972  0.575 -0.062  1.144
 0.993 -0.080  0.087  0.079  0.997  0.015 -0.087 -0.008  0.996    0.998 -0.006  0.044  0.040    4.522  5.019 -0.447    0.087  0.012 -0.989  0.575 -0.062  1.144
 0.993 -0.079  0.087  0.078  0.997  0.015 -0.087 -0.008  0.996    0.998 -0.006  0.044  0.039    4.464  5.015 -0.458    0.091  0.006 -0.984  0.575 -0.062  1.144
 0.993 -0.079  0.087  0.078  0.997  0.015 -0.088 -0.008  0.996    0.998 -0.006  0.044  0.039    4.486  5.065 -0.451    0.087  0.002 -0.980  0.575 -0.062  1.144
 0.993 -0.080  0.088  0.079  0.997  0.015 -0.088 -0.008  0.996    0.998 -0.006  0.044  0.040    4.524  5.076 -0.454    0.090  0.003 -0.983  0.575 -0.062  1.144
 0.993 -0.079  0.088  0.078  0.997  0.015 -0.089 -0.008  0.996    0.998 -0.006  0.044  0.040    4.518  5.081 -0.440    0.088  0.006 -0.979  0.577 -0.062  1.144
 0.993 -0.079  0.088  0.078  0.997  0.015 -0.089 -0.008  0.996    0.998 -0.006  0.044  0.039    4.499  5.093 -0.435    0.085  0.004 -0.983  0.577 -0.062  1.144
 0.993 -0.079  0.088  0.078  0.997  0.014 -0.089 -0.007  0.996    0.998 -0.005  0.044  0.040    4.517  5.084 -0.426    0.084  0.004 -0.980  0.577 -0.062  1.144
 0.993 -0.079  0.088  0.078  0.997  0.015 -0.089 -0.008  0.996    0.998 -0.006  0.044  0.039    4.507  5.079 -0.444    0.084  0.010 -0.980  0.577 -0.062  1.144
 0.993 -0.079  0.087  0.078  0.997  0.014 -0.088 -0.008  0.996    0.998 -0.006  0.044  0.039    4.478  5.049 -0.436    0.083  0.008 -0.981  0.577 -0.062  1.144
 0.993 -0.079  0.087  0.078  0.997  0.014 -0.088 -0.007  0.996    0.998 -0.005  0.044  0.039    4.486  5.050 -0.422    0.083  0.005 -0.984  0.575 -0.061  1.155
 0.993 -0.079  0.087  0.078  0.997  0.014 -0.088 -0.007  0.996    0.998 -0.005  0.044  0.039    4.481  5.054 -0.411    0.091  0.004 -0.982  0.575 -0.061  1.155
 0.993 -0.079  0.087  0.078  0.997  0.014 -0.088 -0.007  0.996    0.998 -0.005  0.044  0.039    4.468  5.058 -0.407    0.086  0.007 -0.983  0.575 -0.061  1.155
 0.993 -0.079  0.087  0.079  0.997  0.014 -0.088 -0.007  0.996    0.998 -0.005  0.044  0.040    4.520  5.048 -0.408    0.085  0.001 -0.978  0.575 -0.061  1.155
 0.993 -0.080  0.088  0.079  0.997  0.014 -0.089 -0.007  0.996    0.998 -0.005  0.044  0.040    4.541  5.084 -0.396    0.093  0.004 -0.982  0.575 -0.061  1.155
 0.993 -0.080  0.088  0.079  0.997  0.014 -0.089 -0.007  0.996    0.998 -0.005  0.044  0.040    4.532  5.104 -0.399    0.092  0.007 -0.984  0.573 -0.061  1.151
 0.993 -0.079  0.088  0.079  0.997  0.014 -0.089 -0.007  0.996    0.998 -0.005  0.044  0.040    4.524  5.090 -0.393    0.086  0.005 -0.981  0.573 -0.061  1.151
 0.993 -0.079  0.087  0.078  0.997  0.014 -0.088 -0.007  0.996    0.998 -0.005  0.044  0.039    4.497  5.037 -0.383    0.080  0.007 -0.986  0.573 -0.061  1.151
 0.993 -0.079  0.087  0.078  0.997  0.013 -0.087 -0.006  0.996    0.998 -0.005  0.044  0.039    4.485  5.010 -0.370    0.083  0.007 -0.983  0.573 -0.061  1.151
 0.993 -0.079  0.087  0.078  0.997  0.013 -0.087 -0.007  0.996    0.998 -0.005  0.044  0.039    4.481  5.010 -0.375    0.086  0.009 -0.987  0.573 -0.061  1.151
 0.993 -0.079  0.087  0.078  0.997  0.013 -0.087 -0.007  0.996    0.998 -0.005  0.044  0.039    4.487  5.012 -0.379    0.084  0.008 -0.983  0.582 -0.066  1.150
 0.993 -0.079  0.086  0.078  0.997  0.013 -0.087 -0.006  0.996    0.998 -0.005  0.043  0.039    4.508  4.993 -0.368    0.088  0.002 -0.978  0.582 -0.066  1.150
 0.993 -0.079  0.087  0.078  0.997  0.013 -0.087 -0.006  0.996    0.998 -0.005  0.044  0.039    4.489  5.014 -0.366    0.088  0.006 -0.986  0.582 -0.066  1.150
 0.993 -0.079  0.087  0.078  0.997  0.013 -0.087 -0.006  0.996    0.998 -0.005  0.044  0.039    4.502  5.008 -0.349    0.087  0.004 -0.977  0.582 -0.066  1.150
 0.993 -0.079  0.086  0.079  0.997  0.013 -0.087 -0.006  0.996    0.998 -0.005  0.043  0.040    4.520  4.987 -0.353    0.083  0.007 -0.982  0.582 -0.066  1.150
 0.993 -0.080  0.086  0.079  0.997  0.013 -0.087 -0.006  0.996    0.998 -0.005  0.043  0.040    4.533  5.002 -0.364    0.086  0.004 -0.981  0.573 -0.066  1.147
 0.993 -0.080  0.086  0.079  0.997  0.013 -0.087 -0.006  0.996    0.998 -0.005  0.043  0.040    4.569  4.989 -0.352    0.088  0.001 -0.984  0.573 -0.066  1.147
 0.993 -0.080  0.086  0.079  0.997  0.013 -0.087 -0.006  0.996    0.998 -0.005  0.043  0.040    4.556  4.981 -0.348    0.086  0.010 -0.982  0.573 -0.066  1.147
 0.993 -0.080  0.086  0.079  0.997  0.013 -0.087 -0.006  0.996    0.998 -0.005  0.043  0.040    4.566  4.964 -0.361    0.081  0.005 -0.982  0.573 -0.066  1.147
 0.993 -0.080  0.086  0.079  0.997  0.013 -0.087 -0.006  0.996    0.998 -0.005  0.043  0.040    4.577  4.993 -0.363    0.091  0.007 -0.979  0.573 -0.066  1.147
 0.993 -0.080  0.086  0.079  0.997  0.013 -0.087 -0.006  0.996    0.998 -0.005  0.043  0.040    4.565  4.974 -0.369    0.085  0.009 -0.982  0.581 -0.064  1.154
 0.993 -0.080  0.086  0.079  0.997  0.013 -0.087 -0.006  0.996    0.998 -0.005  0.043  0.040    4.559  4.983 -0.370    0.085  0.004 -0.978  0.581 -0.064  1.154
 0.993 -0.079  0.086  0.079  0.997  0.014 -0.087 -0.007  0.996    0.998 -0.005  0.043  0.040    4.523  4.991 -0.390    0.088  0.010 -0.977  0.581 -0.064  1.154
 0.993 -0.080  0.087  0.079  0.997  0.013 -0.088 -0.006  0.996    0.998 -0.005  0.044  0.040    4.541  5.027 -0.372    0.091  0.000 -0.983  0.581 -0.064  1.154
 0.993 -0.080  0.087  0.079  0.997  0.013 -0.087 -0.007  0.996    0.998 -0.005  0.044  0.040    4.555  5.019 -0.376    0.087  0.005 -0.977  0.581 -0.064  1.154
 0.993 -0.080  0.087  0.079  0.997  0.013 -0.088 -0.006  0.996    0.998 -0.005  0.044  0.040    4.570  5.021 -0.367    0.086  0.004 -0.980  0.577 -0.065  1.134
 0.993 -0.081  0.087  0.080  0.997  0.013 -0.088 -0.006  0.996    0.998 -0.005  0.044  0.040    4.590  5.030 -0.360    0.085  0.001 -0.987  0.577 -0.065  1.134
 0.993 -0.080  0.087  0.080  0.997  0.013 -0.088 -0.006  0.996    0.998 -0.005  0.044  0.040    4.579  5.031 -0.351    0.092  0.008 -0.983  0.577 -0.065  1.134
 0.993 -0.080  0.087  0.079  0.997  0.014 -0.088 -0.007  0.996    0.998 -0.005  0.044  0.040    4.548  5.036 -0.378    0.083  0.010 -0.980  0.577 -0.065  1.134
 0.993 -0.080  0.087  0.079  0.997  0.014 -0.087 -0.007  0.996    0.998 -0.005  0.044  0.040    4.535  5.017 -0.385    0.084  0.006 -0.980  0.577 -0.065  1.134
 0.993 -0.080  0.087  0.079  0.997  0.013 -0.087 -0.006  0.996    0.998 -0.005  0.044  0.040    4.572  5.019 -0.371    0.081  0.005 -0.981  0.577 -0.065  1.134
 0.993 -0.081  0.086  0.080  0.997  0.014 -0.087 -0.007  0.996    0.998 -0.005  0.043  0.040    4.585  4.994 -0.378    0.080  0.004 -0.979  0.570 -0.058  1.151
 0.993 -0.080  0.086  0.079  0.997  0.014 -0.087 -0.007  0.996    0.998 -0.005  0.043  0.040    4.577  4.993 -0.381    0.084  0.005 -0.982  0.570 -0.058  1.151
 0.993 -0.080  0.087  0.079  0.997  0.013 -0.088 -0.006  0.996    0.998 -0.005  0.044  0.040    4.559  5.023 -0.369    0.092  0.004 -0.983  0.570 -0.058  1.151
 0.993 -0.080  0.087  0.079  0.997  0.014 -0.088 -0.007  0.996    0.998 -0.005  0.044  0.040    4.550  5.028 -0.378    0.090  0.008 -0.984  0.570 -0.058  1.151
 0.993 -0.080  0.087  0.079  0.997  0.014 -0.088 -0.007  0.996    0.998 -0.005  0.044  0.040    4.542  5.035 -0.387    0.084  0.008 -0.979  0.570 -0.058  1.151
 0.993 -0.080  0.087  0.079  0.997  0.014 -0.088 -0.007  0.996    0.998 -0.005  0.044  0.040    4.526  5.040 -0.399    0.086  0.003 -0.980  0.577 -0.066  1.135
 0.993 -0.080  0.087  0.079  0.997  0.014 -0.088 -0.007  0.996    0.998 -0.005  0.044  0.040    4.557  5.028 -0.403    0.086  0.006 -0.978  0.577 -0.066  1.135
 0.993 -0.080  0.086  0.079  0.997  0.013 -0.087 -0.006  0.996    0.998 -0.005  0.043  0.040    4.576  5.004 -0.371    0.082  0.003 -0.986  0.577 -0.066  1.135
 0.993 -0.081  0.086  0.080  0.997  0.013 -0.087 -0.007  0.996    0.998 -0.005  0.043  0.040    4.592  4.988 -0.375    0.091  0.004 -0.975  0.577 -0.066  1.135
 0.993 -0.081  0.087  0.080  0.997  0.013 -0.087 -0.006  0.996    0.998 -0.005  0.044  0.040    4.618  5.008 -0.364    0.088  0.004 -0.980  0.577 -0.066  1.135
 0.993 -0.081  0.086  0.081  0.997  0.013 -0.087 -0.006  0.996    0.998 -0.005  0.043  0.041    4.642  5.001 -0.367    0.084  0.009 -0.984  0.585 -0.065  1.136
 0.993 -0.082  0.086  0.081  0.997  0.014 -0.087 -0.007  0.996    0.998 -0.005  0.043  0.041    4.645  4.993 -0.387    0.085  0.009 -0.981  0.585 -0.065  1.136
 0.993 -0.081  0.086  0.081  0.997  0.014 -0.087 -0.007  0.996    0.998 -0.005  0.043  0.041    4.640  5.001 -0.378    0.091  0.004 -0.978  0.585 -0.065  1.136
 0.993 -0.081  0.086  0.080  0.997  0.014 -0.087 -0.007  0.996    0.998 -0.005  0.043  0.041    4.635  5.000 -0.400    0.084  0.013 -0.983  0.585 -0.065  1.136
 0.993 -0.082  0.086  0.081  0.997  0.014 -0.087 -0.007  0.996    0.998 -0.005  0.044  0.041    4.658  5.007 -0.399    0.085  0.005 -0.981  0.585 -0.065  1.136
 0.993 -0.081  0.086  0.080  0.997  0.014 -0.087 -0.007  0.996    0.998 -0.005  0.043  0.040    4.628  5.000 -0.388    0.089  0.006 -0.973  0.581 -0.060  1.135
 0.993 -0.080  0.086  0.079  0.997  0.014 -0.087 -0.007  0.996    0.998 -0.005  0.043  0.040    4.570  4.996 -0.404    0.082  0.011 -0.982  0.581 -0.060  1.135
 0.993 -0.080  0.086  0.079  0.997  0.014 -0.087 -0.007  0.996    0.998 -0.005  0.043  0.040    4.556  4.992 -0.402    0.081  0.002 -0.988  0.581 -0.060  1.135
 0.993 -0.080  0.086  0.079  0.997  0.014 -0.087 -0.007  0.996    0.998 -0.005  0.043  0.040    4.566  4.989 -0.405    0.085  0.011 -0.980  0.581 -0.060  1.135
 0.993 -0.080  0.087  0.079  0.997  0.014 -0.088 -0.007  0.996    0.998 -0.005  0.044  0.040    4.553  5.021 -0.418    0.089  0.006 -0.975  0.581 -0.060  1.135
 0.993 -0.080  0.087  0.079  0.997  0.014 -0.087 -0.007  0.996    0.998 -0.005  0.044  0.040    4.544  5.014 -0.399    0.081  0.001 -0.975  0.582 -0.060  1.149
 0.993 -0.079  0.087  0.078  0.997  0.014 -0.088 -0.007  0.996    0.998 -0.005  0.044  0.039    4.501  5.034 -0.396    0.093  0.007 -0.983  0.582 -0.060  1.149
 0.993 -0.079  0.087  0.078  0.997  0.014 -0.088 -0.007  0.996    0.998 -0.005  0.044  0.039    4.487  5.041 -0.400    0.083  0.010 -0.978  0.582 -0.060  1.149
 0.993 -0.079  0.087  0.078  0.997  0.014 -0.088 -0.007  0.996    0.998 -0.005  0.044  0.039    4.486  5.062 -0.426    0.091  0.011 -0.985  0.582 -0.060  1.149
 0.993 -0.079  0.087  0.078  0.997  0.014 -0.088 -0.007  0.996    0.998 -0.005  0.044  0.039    4.471  5.060 -0.406    0.082  0.006 -0.981  0.582 -0.060  1.149
 0.993 -0.079  0.088  0.078  0.997  0.014 -0.088 -0.007  0.996    0.998 -0.005  0.044  0.039    4.465  5.072 -0.430    0.094  0.010 -0.989  0.578 -0.066  1.141
 0.993 -0.078  0.087  0.077  0.997  0.014 -0.088 -0.007  0.996    0.998 -0.005  0.044  0.039    4.422  5.053 -0.417    0.082  0.010 -0.974  0.578 -0.066  1.141
 0.993 -0.079  0.087  0.078  0.997  0.014 -0.088 -0.007  0.996    0.998 -0.005  0.044  0.039    4.476  5.030 -0.397    0.088  0.006 -0.978  0.578 -0.066  1.141
 0.993 -0.078  0.087  0.077  0.997  0.014 -0.088 -0.007  0.996    0.998 -0.005  0.044  0.039    4.456  5.033 -0.416    0.084  0.012 -0.989  0.578 -0.066  1.141
 0.993 -0.080  0.086  0.079  0.997  0.014 -0.087 -0.007  0.996    0.998 -0.005  0.044  0.040    4.531  5.011 -0.417    0.077  0.002 -0.978  0.578 -0.066  1.141
 0.993 -0.080  0.086  0.079  0.997  0.014 -0.087 -0.007  0.996    0.998 -0.005  0.044  0.040    4.540  5.012 -0.422    0.091  0.006 -0.985  0.584 -0.056  1.145
 0.993 -0.079  0.087  0.078  0.997  0.014 -0.088 -0.007  0.996    0.998 -0.005  0.044  0.039    4.476  5.025 -0.418    0.090  0.007 -0.982  0.584 -0.056  1.145
 0.993 -0.078  0.087  0.077  0.997  0.014 -0.088 -0.008  0.996    0.998 -0.005  0.044  0.039    4.431  5.036 -0.435    0.089  0.010 -0.975  0.584 -0.056  1.145
 0.993 -0.078  0.087  0.077  0.997  0.014 -0.088 -0.007  0.996    0.998 -0.005  0.044  0.039    4.418  5.034 -0.424    0.083  0.006 -0.976  0.584 -0.056  1.145
 0.993 -0.078  0.087  0.077  0.997  0.014 -0.087 -0.007  0.996    0.998 -0.005  0.044  0.039    4.424  5.014 -0.418    0.081  0.004 -0.984  0.584 -0.056  1.145
 0.993 -0.078  0.087  0.077  0.997  0.014 -0.088 -0.007  0.996    0.998 -0.005  0.044  0.039    4.432  5.025 -0.426    0.094  0.007 -0.984  0.580 -0.059  1.153
 0.993 -0.077  0.087  0.076  0.997  0.014 -0.087 -0.007  0.996    0.998 -0.005  0.044  0.038    4.388  5.019 -0.418    0.084  0.005 -0.982  0.580 -0.059  1.153
 0.993 -0.077  0.086  0.076  0.997  0.014 -0.087 -0.007  0.996    0.998 -0.005  0.043  0.038    4.355  4.991 -0.405    0.083  0.006 -0.989  0.580 -0.059  1.153
 0.993 -0.077  0.086  0.076  0.997  0.014 -0.087 -0.007  0.996    0.998 -0.005  0.043  0.038    4.367  4.998 -0.414    0.085  0.005 -0.991  0.580 -0.059  1.153
 0.993 -0.077  0.086  0.076  0.997  0.014 -0.087 -0.007  0.996    0.998 -0.005  0.043  0.038    4.395  4.999 -0.407    0.079  0.008 -0.971  0.580 -0.059  1.153
 0.993 -0.077  0.086  0.076  0.997  0.014 -0.087 -0.007  0.996    0.998 -0.005  0.043  0.038    4.388  4.986 -0.401    0.082  0.009 -0.987  0.569 -0.073  1.153
 0.993 -0.077  0.086  0.076  0.997  0.014 -0.087 -0.007  0.996    0.998 -0.005  0.043  0.038    4.376  4.991 -0.401    0.086  0.009 -0.977  0.569 -0.073  1.153
 0.993 -0.078  0.087  0.077  0.997  0.014 -0.087 -0.007  0.996    0.998 -0.005  0.044  0.039    4.432  5.008 -0.392    0.091  0.006 -0.990  0.569 -0.073  1.153
 0.993 -0.079  0.087  0.078  0.997  0.014 -0.088 -0.007  0.996    0.998 -0.005  0.044  0.039    4.496  5.033 -0.411    0.090  0.006 -0.981  0.569 -0.073  1.153
 0.993 -0.079  0.087  0.078  0.997  0.014 -0.087 -0.007  0.996    0.998 -0.005  0.044  0.039    4.501  5.010 -0.401    0.085  0.009 -0.974  0.569 -0.073  1.153
 0.993 -0.078  0.087  0.077  0.997  0.014 -0.088 -0.007  0.996    0.998 -0.005  0.044  0.039    4.456  5.029 -0.404    0.089  0.006 -0.980  0.568 -0.057  1.142
 0.993 -0.078  0.087  0.078  0.997  0.014 -0.088 -0.007  0.996    0.998 -0.005  0.044  0.039    4.463  5.025 -0.393    0.088  0.001 -0.989  0.568 -0.057  1.142
 0.993 -0.078  0.086  0.077  0.997  0.014 -0.087 -0.007  0.996    0.998 -0.005  0.044  0.039    4.454  5.006 -0.390    0.084  0.006 -0.981  0.568 -0.057  1.142
 0.993 -0.077  0.086  0.076  0.997  0.014 -0.087 -0.007  0.996    0.998 -0.005  0.044  0.039    4.400  5.007 -0.403    0.089  0.011 -0.981  0.568 -0.057  1.142
 0.993 -0.077  0.087  0.076  0.997  0.014 -0.087 -0.007  0.996    0.998 -0.005  0.044  0.038    4.390  5.018 -0.410    0.090  0.004 -0.979  0.568 -0.057  1.142
 0.993 -0.078  0.087  0.077  0.997  0.014 -0.088 -0.007  0.996    0.998 -0.005  0.044  0.039    4.414  5.028 -0.396    0.088  0.001 -0.981  0.578 -0.061  1.135
 0.993 -0.077  0.087  0.076  0.997  0.014 -0.088 -0.007  0.996    0.998 -0.005  0.044  0.038    4.392  5.031 -0.394    0.087  0.008 -0.979  0.578 -0.061  1.135
 0.993 -0.077  0.087  0.076  0.997  0.013 -0.087 -0.007  0.996    0.998 -0.005  0.044  0.039    4.404  5.016 -0.375    0.085  0.002 -0.978  0.578 -0.061  1.135
 0.993 -0.078  0.087  0.077  0.997  0.013 -0.087 -0.007  0.996    0.998 -0.005  0.044  0.039    4.412  5.014 -0.383    0.087  0.007 -0.985  0.578 -0.061  1.135
 0.993 -0.078  0.087  0.077  0.997  0.013 -0.087 -0.007  0.996    0.998 -0.005  0.044  0.039    4.442  5.020 -0.375    0.082  0.003 -0.980  0.578 -0.061  1.135
 0.993 -0.079  0.087  0.078  0.997  0.013 -0.087 -0.007  0.996    0.998 -0.005  0.044  0.039    4.472  5.010 -0.375    0.087  0.008 -0.985  0.574 -0.067  1.135
 0.993 -0.078  0.086  0.078  0.997  0.013 -0.087 -0.006  0.996    0.998 -0.005  0.043  0.039    4.466  4.998 -0.366    0.084  0.005 -0.984  0.574 -0.067  1.135
 0.993 -0.079  0.087  0.078  0.997  0.013 -0.087 -0.006  0.996    0.998 -0.005  0.044  0.039    4.475  5.009 -0.362    0.088  0.007 -0.989  0.574 -0.067  1.135
 0.993 -0.079  0.087  0.078  0.997  0.013 -0.088 -0.006  0.996    0.998 -0.005  0.044  0.039    4.485  5.020 -0.373    0.089  0.008 -0.979  0.574 -0.067  1.135
 0.993 -0.080  0.087  0.079  0.997  0.013 -0.088 -0.006  0.996    0.998 -0.005  0.044  0.040    4.528  5.020 -0.363    0.083  0.008 -0.980  0.574 -0.067  1.135
 0.993 -0.080  0.086  0.079  0.997  0.013 -0.087 -0.006  0.996    0.998 -0.005  0.044  0.040    4.531  5.007 -0.372    0.087  0.007 -0.986  0.580 -0.063  1.152
 0.993 -0.079  0.087  0.078  0.997  0.013 -0.087 -0.006  0.996    0.998 -0.005  0.044  0.039    4.503  5.017 -0.361    0.082  0.005 -0.968  0.580 -0.063  1.152
 0.993 -0.079  0.087  0.078  0.997  0.013 -0.088 -0.006  0.996    0.998 -0.005  0.044  0.039    4.505  5.043 -0.367    0.090  0.007 -0.983  0.580 -0.063  1.152
 0.993 -0.079  0.088  0.079  0.997  0.013 -0.088 -0.006  0.996    0.998 -0.005  0.044  0.040    4.524  5.064 -0.361    0.088  0.005 -0.977  0.580 -0.063  1.152
 0.993 -0.079  0.087  0.078  0.997  0.014 -0.088 -0.007  0.996    0.998 -0.005  0.044  0.039    4.515  5.061 -0.385    0.084  0.011 -0.978  0.580 -0.063  1.152
 0.993 -0.079  0.087  0.078  0.997  0.014 -0.088 -0.007  0.996    0.998 -0.005  0.044  0.040    4.518  5.042 -0.383    0.085  0.005 -0.986  0.577 -0.071  1.156
 0.993 -0.079  0.087  0.078  0.997  0.013 -0.088 -0.006  0.996    0.998 -0.005  0.044  0.039    4.487  5.045 -0.369    0.088  0.008 -0.981  0.577 -0.071  1.156
 0.993 -0.080  0.087  0.079  0.997  0.013 -0.088 -0.006  0.996    0.998 -0.005  0.044  0.040    4.547  5.039 -0.371    0.089  0.004 -0.977  0.577 -0.071  1.156
 0.993 -0.080  0.087  0.079  0.997  0.013 -0.088 -0.006  0.996    0.998 -0.005  0.044  0.040    4.569  5.037 -0.373    0.084  0.010 -0.979  0.577 -0.071  1.156
 0.993 -0.080  0.087  0.079  0.997  0.014 -0.088 -0.007  0.996    0.998 -0.005  0.044  0.040    4.569  5.022 -0.389    0.083  0.009 -0.980  0.577 -0.071  1.156
 0.993 -0.080  0.087  0.079  0.997  0.014 -0.088 -0.007  0.996    0.998 -0.005  0.044  0.040    4.557  5.025 -0.380    0.093  0.008 -0.985  0.576 -0.059  1.155
 0.993 -0.080  0.087  0.079  0.997  0.014 -0.088 -0.007  0.996    0.998 -0.005  0.044  0.040    4.556  5.031 -0.392    0.089  0.008 -0.984  0.576 -0.059  1.155
 0.993 -0.080  0.087  0.080  0.997  0.013 -0.088 -0.006  0.996    0.998 -0.005  0.044  0.040    4.584  5.035 -0.372    0.079  0.000 -0.977  0.576 -0.059  1.155
 0.993 -0.080  0.087  0.079  0.997  0.014 -0.088 -0.007  0.996    0.998 -0.005  0.044  0.040    4.543  5.040 -0.394    0.088  0.011 -0.982  0.576 -0.059  1.155
 0.993 -0.079  0.086  0.079  0.997  0.013 -0.087 -0.006  0.996    0.998 -0.005  0.043  0.040    4.523  4.998 -0.371    0.083  0.005 -0.978  0.576 -0.059  1.155
 0.993 -0.079  0.086  0.078  0.997  0.013 -0.087 -0.006  0.996    0.998 -0.005  0.043  0.039    4.502  4.994 -0.369    0.088  0.004 -0.981  0.586 -0.065  1.141
 0.993 -0.079  0.086  0.078  0.997  0.013 -0.087 -0.007  0.996    0.998 -0.005  0.043  0.039    4.502  4.984 -0.377    0.087  0.010 -0.973  0.586 -0.065  1.141
 0.993 -0.079  0.086  0.078  0.997  0.013 -0.087 -0.006  0.996    0.998 -0.005  0.043  0.039    4.515  4.991 -0.345    0.083  0.000 -0.980  0.586 -0.065  1.141
 0.993 -0.079  0.086  0.078  0.997  0.013 -0.087 -0.006  0.996    0.998 -0.005  0.043  0.039    4.488  4.979 -0.350    0.084  0.009 -0.982  0.586 -0.065  1.141
 0.993 -0.079  0.086  0.078  0.997  0.013 -0.087 -0.006  0.996    0.998 -0.005  0.043  0.039    4.511  4.967 -0.344    0.080  0.004 -0.977  0.586 -0.065  1.141
 0.993 -0.080  0.086  0.079  0.997  0.013 -0.087 -0.006  0.996    0.998 -0.005  0.043  0.040    4.537  4.996 -0.367    0.089  0.007 -0.985  0.586 -0.065  1.141
 0.993 -0.079  0.086  0.078  0.997  0.013 -0.087 -0.006  0.996    0.998 -0.005  0.043  0.039    4.495  4.991 -0.362    0.086  0.009 -0.980  0.571 -0.059  1.143
 0.993 -0.078  0.086  0.077  0.997  0.013 -0.087 -0.006  0.996    0.998 -0.005  0.043  0.039    4.441  4.995 -0.348    0.088  0.002 -0.980  0.571 -0.059  1.143
 0.993 -0.078  0.086  0.077  0.997  0.013 -0.087 -0.006  0.996    0.998 -0.005  0.043  0.039    4.416  4.996 -0.366    0.085  0.009 -0.982  0.571 -0.059  1.143
 0.993 -0.077  0.086  0.076  0.997  0.013 -0.087 -0.006  0.996    0.998 -0.005  0.043  0.038    4.393  5.002 -0.370    0.089  0.009 -0.977  0.571 -0.059  1.143
 0.993 -0.077  0.086  0.076  0.997  0.013 -0.087 -0.006  0.996    0.998 -0.005  0.043  0.038    4.375  4.993 -0.369    0.088  0.009 -0.981  0.571 -0.059  1.143
 0.993 -0.077  0.086  0.076  0.997  0.013 -0.087 -0.006  0.996    0.998 -0.005  0.043  0.038    4.371  4.997 -0.367    0.086  0.008 -0.976  0.579 -0.059  1.151
 0.993 -0.077  0.087  0.076  0.997  0.013 -0.087 -0.006  0.996    0.998 -0.005  0.044  0.038    4.400  5.017 -0.368    0.090  0.004 -0.984  0.579 -0.059  1.151
 0.993 -0.077  0.087  0.076  0.997  0.013 -0.087 -0.006  0.996    0.998 -0.005  0.044  0.038    4.361  5.014 -0.369    0.092  0.008 -0.982  0.579 -0.059  1.151
 0.993 -0.076  0.087  0.075  0.997  0.013 -0.087 -0.007  0.996    0.998 -0.005  0.044  0.038    4.328  5.018 -0.375    0.083  0.008 -0.980  0.579 -0.059  1.151
 0.993 -0.076  0.087  0.075  0.997  0.013 -0.088 -0.006  0.996    0.998 -0.005  0.044  0.038    4.325  5.021 -0.365    0.089  0.007 -0.983  0.579 -0.059  1.151
 0.993 -0.076  0.087  0.075  0.997  0.013 -0.088 -0.007  0.996    0.998 -0.005  0.044  0.038    4.321  5.035 -0.374    0.089  0.008 -0.984  0.574 -0.058  1.154
 0.993 -0.076  0.087  0.075  0.997  0.013 -0.087 -0.006  0.996    0.998 -0.005  0.044  0.038    4.327  5.010 -0.350    0.085  0.002 -0.984  0.574 -0.058  1.154
 0.993 -0.075  0.086  0.075  0.997  0.013 -0.087 -0.006  0.996    0.998 -0.005  0.043  0.038    4.291  4.995 -0.362    0.085  0.009 -0.983  0.574 -0.058  1.154
 0.993 -0.075  0.086  0.074  0.997  0.013 -0.087 -0.006  0.996    0.998 -0.005  0.043  0.037    4.283  4.990 -0.356    0.081  0.006 -0.989  0.574 -0.058  1.154
 0.993 -0.075  0.086  0.074  0.997  0.013 -0.087 -0.006  0.996    0.998 -0.005  0.043  0.037    4.263  4.983 -0.363    0.088  0.008 -0.981  0.574 -0.058  1.154
 0.994 -0.074  0.086  0.073  0.997  0.013 -0.087 -0.007  0.996    0.998 -0.005  0.043  0.037    4.228  4.979 -0.388    0.088  0.011 -0.981  0.580 -0.059  1.151
 0.994 -0.074  0.086  0.073  0.997  0.013 -0.087 -0.007  0.996    0.998 -0.005  0.043  0.037    4.222  4.982 -0.396    0.091  0.002 -0.986  0.580 -0.059  1.151
 0.994 -0.074  0.086  0.073  0.997  0.013 -0.087 -0.007  0.996    0.998 -0.005  0.043  0.037    4.208  4.997 -0.401    0.089  0.003 -0.973  0.580 -0.059  1.151
 0.993 -0.074  0.087  0.074  0.997  0.014 -0.088 -0.007  0.996    0.998 -0.005  0.044  0.037    4.236  5.023 -0.408    0.087  0.003 -0.985  0.580 -0.059  1.151
 0.993 -0.075  0.086  0.074  0.997  0.013 -0.087 -0.007  0.996    0.998 -0.005  0.043  0.037    4.243  5.003 -0.392    0.082  0.002 -0.975  0.580 -0.059  1.151
 0.994 -0.074  0.086  0.073  0.997  0.013 -0.087 -0.007  0.996    0.998 -0.005  0.043  0.037    4.216  4.987 -0.391    0.084  0.006 -0.985  0.583 -0.056  1.151
 0.993 -0.074  0.086  0.074  0.997  0.013 -0.087 -0.006  0.996    0.998 -0.005  0.043  0.037    4.237  4.988 -0.357    0.080 -0.001 -0.979  0.583 -0.056  1.151
 0.994 -0.074  0.086  0.074  0.997  0.013 -0.087 -0.006  0.996    0.998 -0.005  0.043  0.037    4.232  4.980 -0.351    0.083  0.004 -0.987  0.583 -0.056  1.151
 0.994 -0.074  0.086  0.073  0.997  0.012 -0.087 -0.006  0.996    0.998 -0.005  0.043  0.037    4.225  4.978 -0.334    0.082  0.003 -0.990  0.583 -0.056  1.151
 0.994 -0.074  0.086  0.073  0.997  0.012 -0.087 -0.006  0.996    0.998 -0.005  0.043  0.037    4.206  4.967 -0.343    0.084  0.003 -0.973  0.583 -0.056  1.151
 0.994 -0.074  0.086  0.073  0.997  0.013 -0.087 -0.006  0.996    0.998 -0.005  0.043  0.037    4.201  4.975 -0.358    0.086  0.008 -0.965  0.588 -0.066  1.145
 0.994 -0.074  0.086  0.073  0.997  0.012 -0.087 -0.006  0.996    0.998 -0.005  0.043  0.037    4.213  4.969 -0.351    0.088  0.002 -0.983  0.588 -0.066  1.145
 0.994 -0.074  0.086  0.074  0.997  0.013 -0.087 -0.006  0.996    0.998 -0.005  0.043  0.037    4.232  4.982 -0.366    0.089  0.013 -0.980  0.588 -0.066  1.145
 0.993 -0.075  0.086  0.074  0.997  0.012 -0.086 -0.006  0.996    0.998 -0.005  0.043  0.037    4.271  4.955 -0.338    0.088  0.000 -0.982  0.588 -0.066  1.145
 0.993 -0.075  0.086  0.074  0.997  0.013 -0.087 -0.006  0.996    0.998 -0.005  0.043  0.037    4.260  4.967 -0.350    0.084  0.009 -0.984  0.588 -0.066  1.145
 0.994 -0.075  0.086  0.074  0.997  0.012 -0.086 -0.006  0.996    0.998 -0.004  0.043  0.037    4.263  4.950 -0.322    0.085  0.000 -0.975  0.585 -0.064  1.163
 0.993 -0.076  0.086  0.075  0.997  0.012 -0.086 -0.006  0.996    0.998 -0.004  0.043  0.038    4.326  4.961 -0.321    0.086  0.004 -0.973  0.585 -0.064  1.163
 0.993 -0.077  0.086  0.076  0.997  0.012 -0.086 -0.006  0.996    0.998 -0.004  0.043  0.038    4.363  4.952 -0.318    0.082  0.007 -0.983  0.585 -0.064  1.163
 0.993 -0.077  0.086  0.076  0.997  0.012 -0.086 -0.006  0.996    0.998 -0.004  0.043  0.038    4.368  4.949 -0.318    0.086  0.002 -0.976  0.585 -0.064  1.163
 0.993 -0.076  0.086  0.075  0.997  0.012 -0.087 -0.006  0.996    0.998 -0.004  0.043  0.038    4.329  4.965 -0.319    0.087  0.009 -0.974  0.585 -0.064  1.163
 0.993 -0.077  0.086  0.076  0.997  0.012 -0.087 -0.006  0.996    0.998 -0.005  0.043  0.038    4.392  4.984 -0.328    0.084  0.006 -0.987  0.569 -0.075  1.146
 0.993 -0.078  0.086  0.077  0.997  0.013 -0.087 -0.006  0.996    0.998 -0.005  0.043  0.039    4.451  4.975 -0.335    0.085  0.008 -0.977  0.569 -0.075  1.146
 0.993 -0.079  0.086  0.078  0.997  0.013 -0.087 -0.006  0.996    0.998 -0.005  0.043  0.039    4.487  4.998 -0.344    0.078  0.006 -0.980  0.569 -0.075  1.146
 0.993 -0.080  0.087  0.079  0.997  0.013 -0.087 -0.006  0.996    0.998 -0.005  0.044  0.040    4.546  5.015 -0.332    0.091  0.004 -0.976  0.569 -0.075  1.146
 0.993 -0.081  0.087  0.081  0.997  0.013 -0.087 -0.006  0.996    0.998 -0.005  0.044  0.041    4.636  5.009 -0.320    0.087  0.001 -0.972  0.569 -0.075  1.146
 0.993 -0.082  0.087  0.081  0.997  0.012 -0.087 -0.005  0.996    0.998 -0.004  0.044  0.041    4.671  5.007 -0.301    0.087  0.002 -0.974  0.589 -0.071  1.148
 0.993 -0.082  0.087  0.081  0.997  0.012 -0.087 -0.005  0.996    0.998 -0.004  0.044  0.041    4.685  5.016 -0.299    0.092  0.003 -0.982  0.589 -0.071  1.148
 0.993 -0.082  0.087  0.081  0.997  0.012 -0.087 -0.005  0.996    0.998 -0.004  0.044  0.041    4.681  5.013 -0.286    0.083  0.007 -0.980  0.589 -0.071  1.148
 0.993 -0.082  0.086  0.081  0.997  0.012 -0.087 -0.005  0.996    0.998 -0.004  0.043  0.041    4.680  4.980 -0.297    0.078  0.008 -0.983  0.589 -0.071  1.148
 0.993 -0.082  0.086  0.081  0.997  0.012 -0.087 -0.005  0.996    0.998 -0.004  0.043  0.041    4.685  4.992 -0.301    0.091  0.005 -0.979  0.589 -0.071  1.148
 0.993 -0.082  0.086  0.081  0.997  0.012 -0.087 -0.005  0.996    0.998 -0.004  0.043  0.041    4.662  4.976 -0.301    0.079  0.005 -0.984  0.579 -0.063  1.159
 0.993 -0.082  0.085  0.081  0.997  0.012 -0.086 -0.005  0.996    0.998 -0.004  0.043  0.041    4.654  4.936 -0.283    0.081  0.003 -0.983  0.579 -0.063  1.159
 0.993 -0.082  0.085  0.081  0.997  0.012 -0.086 -0.005  0.996    0.998 -0.004  0.043  0.041    4.673  4.934 -0.289    0.081  0.007 -0.987  0.579 -0.063  1.159
 0.993 -0.083  0.085  0.082  0.997  0.012 -0.086 -0.005  0.996    0.998 -0.004  0.043  0.041    4.745  4.917 -0.274    0.082 -0.004 -0.983  0.579 -0.063  1.159
 0.993 -0.083  0.085  0.083  0.997  0.012 -0.086 -0.005  0.996    0.998 -0.004  0.043  0.042    4.762  4.919 -0.263    0.086  0.004 -0.980  0.579 -0.063  1.159
 0.993 -0.083  0.085  0.082  0.997  0.012 -0.086 -0.005  0.996    0.998 -0.004  0.043  0.041    4.737  4.934 -0.267    0.094  0.005 -0.991  0.571 -0.064  1.162
 0.993 -0.083  0.085  0.082  0.997  0.012 -0.086 -0.004  0.996    0.998 -0.004  0.043  0.041    4.723  4.936 -0.255    0.086  0.001 -0.981  0.571 -0.064  1.162
 0.993 -0.082  0.085  0.081  0.997  0.012 -0.086 -0.005  0.996    0.998 -0.004  0.043  0.041    4.674  4.928 -0.279    0.080  0.012 -0.989  0.571 -0.064  1.162
 0.993 -0.082  0.086  0.081  0.997  0.012 -0.086 -0.005  0.996    0.998 -0.004  0.043  0.041    4.687  4.945 -0.284    0.089  0.006 -0.987  0.571 -0.064  1.162
 0.993 -0.083  0.085  0.082  0.997  0.012 -0.086 -0.005  0.996    0.998 -0.004  0.043  0.041    4.736  4.914 -0.274    0.083 -0.001 -0.990  0.571 -0.064  1.162
